1	 1	 16.369217	 1.590371	 0.046406	 14.778846	 1220.462891	 39128124.000000	 755.571838	 0.000000	 1.000000	 0.000000
1	 2	 7.302422	 1.777548	 0.063394	 5.524874	 2207.448486	 51117.199219	 1232.756714	 0.006256	 0.999995	 0.000000
1	 3	 24.384609	 0.977705	 0.094832	 23.406904	 1327.128906	 609900224.000000	 712.702454	 0.000000	 1.000000	 34.000000
1	 4	 51.615993	 0.968315	 0.038949	 50.647678	 1131.039307	 258312454144.000000	 694.104370	 0.000000	 1.000000	 13.000000
1	 5	 4.758479	 3.450560	 0.011913	 1.307920	 1247.328613	 1548.115234	 439.008881	 0.045505	 0.999896	 0.000000
1	 6	 12.937122	 2.363146	 0.027888	 10.573977	 1172.292847	 4025767.250000	 736.174438	 0.000000	 1.000000	 0.000000
1	 7	 6.229326	 3.510655	 0.016032	 2.718670	 1029.538452	 11871.750977	 458.630859	 0.004313	 0.999991	 0.000000
1	 8	 1.914047	 0.927349	 0.126284	 0.986697	 1204.785522	 1.219182	 634.649780	 13.689628	 0.978430	 0.000000
1	 9	 10.204491	 1.501493	 0.074911	 8.702998	 1343.752930	 612039.562500	 992.235474	 0.000113	 1.000000	 0.000000
1	 10	 3.816119	 2.107303	 0.038653	 1.708816	 1279.766479	 316.443359	 917.303894	 0.649929	 0.999291	 0.000000
1	 11	 2.578459	 1.682724	 0.041483	 0.895736	 2991.290039	 10.348854	 1433.671509	 7.838229	 0.994533	 0.000000
1	 12	 7.438363	 1.652167	 0.072189	 5.786196	 1672.474243	 59791.656250	 877.034851	 0.004295	 0.999995	 0.000000
1	 13	 3.518217	 1.582246	 0.070432	 1.935972	 1312.326660	 131.193481	 400.064117	 0.590076	 0.998525	 0.000000
1	 14	 8.708980	 0.763587	 0.337816	 7.945393	 1570.923828	 205465.875000	 1180.840820	 0.014690	 0.999988	 0.000000
1	 15	 2.483441	 2.115002	 0.013344	 0.368439	 1585.656494	 7.713130	 1166.287354	 6.318533	 0.994582	 0.000000
1	 16	 9.576429	 1.719101	 0.060246	 7.857328	 1161.682373	 405925.656250	 453.667389	 0.000085	 1.000000	 0.000000
1	 17	 11.235209	 1.003998	 0.163653	 10.231212	 1578.683350	 1201771.875000	 546.202087	 0.000080	 1.000000	 0.000000
1	 18	 5.372080	 3.248723	 0.017382	 2.123357	 1477.485840	 3554.206787	 630.665955	 0.025626	 0.999959	 0.000000
1	 19	 5.677560	 2.338922	 0.038292	 3.338639	 1803.861816	 5464.888672	 1340.432007	 0.049086	 0.999963	 0.000000
1	 20	 2.650903	 1.608654	 0.049769	 1.042249	 2133.651855	 12.629135	 1033.827026	 5.259734	 0.994912	 0.000000
1	 21	 2.608112	 0.650800	 0.335940	 1.957312	 1514.114746	 10.115127	 752.339966	 10.085817	 0.986594	 0.000000
1	 22	 8.437191	 1.314609	 0.106471	 7.122582	 1603.112793	 182672.906250	 803.356323	 0.001759	 0.999998	 0.000000
1	 23	 5.730816	 2.597412	 0.030851	 3.133404	 3561.370117	 5917.452637	 1578.471680	 0.046469	 0.999971	 0.000000
1	 24	 24.611963	 1.673837	 0.026829	 22.938126	 1108.852295	 692490944.000000	 471.322998	 0.000000	 1.000000	 32.000000
1	 25	 3.627166	 1.193378	 0.127720	 2.433788	 1050.126709	 181.646820	 414.704956	 0.740210	 0.998215	 0.000000
1	 26	 3.286982	 1.887450	 0.043486	 1.399532	 1287.365112	 71.710556	 980.978455	 1.707098	 0.998260	 0.000000
1	 27	 4.672404	 2.647277	 0.026229	 2.025127	 1318.347412	 1365.207275	 844.721008	 0.127603	 0.999849	 0.000000
1	 28	 10.180634	 2.542882	 0.028959	 7.637751	 1706.162720	 611510.937500	 751.098022	 0.000020	 1.000000	 0.000000
1	 29	 5.743188	 3.453351	 0.015688	 2.289837	 1159.965942	 6053.485840	 416.428650	 0.008757	 0.999979	 0.000000
1	 30	 3.782030	 2.658803	 0.019177	 1.123227	 1514.862915	 285.269104	 1059.739380	 0.645831	 0.999391	 0.000000
1	 31	 2.657891	 1.723198	 0.040782	 0.934693	 1693.810791	 12.889503	 1224.821655	 5.850653	 0.995223	 0.000000
1	 32	 6.933167	 1.696850	 0.069995	 5.236317	 1690.244141	 29808.417969	 854.198120	 0.008235	 0.999990	 0.000000
1	 33	 16.843777	 1.850905	 0.033816	 14.992871	 2463.965820	 47245276.000000	 1560.715820	 0.000000	 1.000000	 0.000000
1	 34	 6.027455	 1.681386	 0.072714	 4.346069	 1504.487061	 8293.680664	 684.510986	 0.025039	 0.999963	 0.000000
1	 35	 6.718845	 2.338524	 0.038670	 4.380322	 1394.699951	 23143.941406	 780.089722	 0.005744	 0.999993	 0.000000
1	 36	 2.925258	 1.552308	 0.062312	 1.372950	 1233.006836	 26.659676	 730.794617	 2.574561	 0.996477	 0.000000
1	 37	 5.374981	 2.329110	 0.038103	 3.045871	 1719.103516	 3543.831055	 961.292236	 0.056371	 0.999941	 0.000000
1	 38	 9.486392	 2.732656	 0.026449	 6.753736	 1370.275391	 386483.312500	 651.399048	 0.000046	 1.000000	 0.000000
1	 39	 5.199518	 1.057194	 0.176454	 4.142324	 1606.935425	 2683.657715	 1227.661133	 0.352304	 0.999713	 0.000000
1	 40	 2.223203	 1.745184	 0.024281	 0.478019	 1995.289185	 3.766677	 1300.022095	 11.767676	 0.990948	 0.000000
1	 41	 9.835107	 1.814378	 0.053775	 8.020729	 635.663574	 474354.906250	 500.894012	 0.000055	 1.000000	 0.000000
1	 42	 12.672247	 1.297569	 0.086841	 11.374678	 995.441467	 3394816.750000	 642.178528	 0.000003	 1.000000	 0.000000
1	 43	 4.611382	 3.037333	 0.017503	 1.574049	 1458.464966	 1244.385376	 1139.066284	 0.166659	 0.999854	 0.000000
1	 44	 1.977444	 0.749956	 0.204641	 1.227488	 934.306580	 1.663839	 625.141785	 14.776631	 0.976363	 0.000000
1	 45	 4.220231	 3.631959	 0.005973	 0.588271	 1978.599609	 736.482117	 613.302246	 0.146725	 0.999761	 0.000000
1	 46	 9.597774	 1.797447	 0.055453	 7.800327	 1597.424805	 412091.593750	 1219.478882	 0.000195	 1.000000	 0.000000
1	 47	 3.375311	 0.532791	 0.568756	 2.842520	 1620.820679	 72.702431	 844.760681	 6.928345	 0.991798	 0.000000
1	 48	 12.457805	 2.298023	 0.030148	 10.159782	 1347.119873	 3019007.250000	 832.176758	 0.000001	 1.000000	 0.000000
1	 49	 11.206120	 1.585836	 0.063635	 9.620285	 1406.017456	 1228372.125000	 916.114929	 0.000019	 1.000000	 0.000000
1	 50	 9.704226	 1.673989	 0.062820	 8.030236	 2066.837646	 439012.937500	 1609.475220	 0.000270	 1.000000	 0.000000
1	 51	 4.364674	 1.567090	 0.080097	 2.797583	 1277.430786	 868.248047	 651.248718	 0.289983	 0.999555	 0.000000
1	 52	 16.147144	 1.914545	 0.033138	 14.232599	 1585.651611	 35585848.000000	 928.110657	 0.000000	 1.000000	 0.000000
1	 53	 6.650599	 1.954281	 0.054269	 4.696318	 1288.781494	 20745.974609	 536.961670	 0.005955	 0.999989	 0.000000
1	 54	 7.805240	 2.104973	 0.045601	 5.700267	 2306.229980	 103284.304688	 958.831543	 0.001601	 0.999998	 0.000000
1	 55	 10.757297	 2.167706	 0.037038	 8.589590	 984.339783	 911224.562500	 397.669678	 0.000006	 1.000000	 0.000000
1	 56	 2.034146	 1.146103	 0.082490	 0.888043	 1327.760498	 2.209155	 709.473022	 11.162398	 0.984267	 0.000000
1	 57	 3.080688	 1.964052	 0.035425	 1.116636	 1306.472656	 41.663891	 454.968872	 1.043417	 0.997707	 0.000000
1	 58	 9.510123	 2.191458	 0.039039	 7.318665	 1331.697998	 391166.968750	 662.556396	 0.000073	 1.000000	 0.000000
1	 59	 2.458691	 1.904996	 0.023000	 0.553696	 1108.406250	 7.298670	 412.650940	 2.478070	 0.993995	 0.000000
1	 60	 2.045271	 1.405007	 0.045693	 0.640264	 1503.606934	 2.327121	 475.840637	 6.413728	 0.986521	 0.000000
1	 61	 2.207451	 1.527897	 0.040955	 0.679554	 1588.738892	 3.626396	 1030.872803	 10.396687	 0.989915	 0.000000
1	 62	 3.999374	 2.129475	 0.039360	 1.869899	 1995.839233	 503.656952	 1059.727783	 0.562633	 0.999469	 0.000000
1	 63	 1.918289	 1.815829	 0.005637	 0.102460	 1927.890991	 1.342946	 1410.824585	 19.830496	 0.985944	 0.000000
1	 64	 0.873384	 0.573612	 0.103939	 0.299772	 1409.816772	 0.001861	 579.411987	 60.337597	 0.895864	 0.000000
2	 1	 4.054171	 0.007520	 118.235405	 4.046650	 3260677.000000	 0.000050	 1956406.250000	 128606.585938	 0.934264	 0.000000
2	 2	 4.609670	 0.023757	 44.205330	 4.585913	 4259.849121	 0.072359	 2555.866211	 141.200897	 0.944754	 0.000000
2	 3	 2.620849	 0.002985	 187.264709	 2.617864	 50825020.000000	 0.000000	 30495012.000000	 998504.812500	 0.967257	 0.000000
2	 4	 2.572590	 0.001263	 405.185333	 2.571326	 21526038528.000000	 0.000000	 12915622912.000000	 1331281.875000	 0.999897	 0.000000
2	 5	 8.666883	 0.141074	 10.464547	 8.525809	 129.060867	 5684.128418	 77.451263	 0.276034	 0.996436	 0.000000
2	 6	 6.290961	 0.016306	 84.594604	 6.274656	 335480.593750	 0.016340	 201288.359375	 5949.217773	 0.970444	 0.000000
2	 7	 9.297954	 0.083659	 21.750967	 9.214294	 989.348267	 940.452087	 593.591858	 2.782388	 0.995313	 0.000000
2	 8	 2.413603	 0.070561	 7.906209	 2.343043	 0.110153	 0.466337	 13.750587	 1.401046	 0.898110	 0.000000
2	 9	 3.854195	 0.012554	 69.631477	 3.841640	 51003.320312	 0.001054	 30601.978516	 2524.553711	 0.917504	 0.000000
2	 10	 5.656714	 0.085430	 13.674396	 5.571284	 26.441944	 90.937523	 16.472097	 0.358945	 0.978209	 0.000000
2	 11	 4.340991	 0.119781	 7.170033	 4.221210	 0.880561	 57.886520	 8.355671	 0.257695	 0.969159	 0.000000
2	 12	 4.358856	 0.021524	 46.296787	 4.337332	 4982.731445	 0.037452	 2989.587158	 186.358063	 0.937664	 0.000000
2	 13	 4.226593	 0.060762	 15.494816	 4.165831	 10.994681	 6.003873	 7.149750	 0.347330	 0.951421	 0.000000
2	 14	 2.089483	 0.007654	 63.596924	 2.081829	 17122.974609	 0.000020	 10273.308594	 1798.628052	 0.824922	 0.000000
2	 15	 5.456429	 0.252765	 2.948846	 5.203664	 0.656170	 1567.281128	 6.704190	 0.046797	 0.993020	 0.000000
2	 16	 4.394345	 0.015824	 62.864651	 4.378521	 33827.160156	 0.008665	 20296.283203	 1310.151611	 0.935449	 0.000000
2	 17	 2.690259	 0.007475	 81.866058	 2.682784	 100147.703125	 0.000029	 60088.593750	 8243.668945	 0.862808	 0.000000
2	 18	 8.576799	 0.096757	 16.988590	 8.480042	 296.230042	 1268.823975	 177.735962	 0.999374	 0.994377	 0.000000
2	 19	 6.044577	 0.049453	 26.712940	 5.995124	 455.471283	 9.775269	 273.293518	 6.751657	 0.975295	 0.000000
2	 20	 4.378648	 0.106718	 8.342970	 4.271930	 1.073040	 44.174774	 5.891191	 0.194761	 0.966940	 0.000000
2	 21	 1.805793	 0.028500	 15.692090	 1.777293	 0.886734	 0.008382	 10.591574	 1.797070	 0.830330	 0.000000
2	 22	 3.497958	 0.014119	 56.991306	 3.483839	 15222.871094	 0.001917	 9133.647461	 858.751465	 0.905979	 0.000000
2	 23	 6.676829	 0.056979	 25.070318	 6.619850	 493.176727	 27.531986	 295.919098	 5.276327	 0.982170	 0.000000
2	 24	 4.413768	 0.005097	 183.507690	 4.408671	 57707580.000000	 0.000003	 34624548.000000	 504229.593750	 0.985437	 0.000000
2	 25	 3.178555	 0.038345	 19.483076	 3.140210	 15.240961	 0.225546	 9.822551	 0.872955	 0.911127	 0.000000
2	 26	 5.043957	 0.092786	 11.200605	 4.951171	 6.015801	 61.989151	 5.292626	 0.142827	 0.973014	 0.000000
2	 27	 6.830111	 0.085233	 16.203640	 6.744878	 113.833153	 267.156860	 68.387970	 0.899404	 0.986849	 0.000000
2	 28	 6.534211	 0.023579	 61.104904	 6.510632	 50959.246094	 0.167133	 30575.546875	 777.535522	 0.974570	 0.000000
2	 29	 8.993652	 0.094125	 18.320267	 8.899528	 504.497833	 1373.207886	 302.683044	 1.460367	 0.995175	 0.000000
2	 30	 6.919693	 0.137156	 8.987735	 6.782537	 23.827986	 1599.861206	 14.909286	 0.121863	 0.991826	 0.000000
2	 31	 4.603320	 0.120619	 7.481622	 4.482700	 1.093872	 91.365150	 6.495128	 0.176071	 0.972892	 0.000000
2	 32	 4.538219	 0.024725	 41.897533	 4.513494	 2484.126709	 0.088670	 1490.429077	 84.060951	 0.943599	 0.000000
2	 33	 4.698994	 0.008545	 119.946350	 4.690448	 3937106.250000	 0.000114	 2362263.750000	 114901.429688	 0.951360	 0.000000
2	 34	 4.460693	 0.029346	 34.775822	 4.431347	 691.237000	 0.221013	 414.709076	 23.220028	 0.944009	 0.000000
2	 35	 6.070180	 0.038311	 35.046440	 6.031868	 1928.716431	 3.285063	 1157.202759	 31.123217	 0.973105	 0.000000
2	 36	 4.157094	 0.081421	 10.989830	 4.075673	 2.251730	 13.892092	 3.907544	 0.169422	 0.956642	 0.000000
2	 37	 6.033545	 0.053785	 24.370775	 5.979760	 295.385651	 14.125131	 177.247925	 4.242036	 0.976067	 0.000000
2	 38	 7.100368	 0.028775	 54.032528	 7.071594	 32206.949219	 0.887447	 19324.166016	 372.928406	 0.980701	 0.000000
2	 39	 2.785952	 0.019964	 33.156239	 2.765988	 223.884232	 0.009613	 134.535187	 16.091900	 0.880389	 0.000000
2	 40	 4.454043	 0.193159	 3.826578	 4.260885	 0.324864	 254.692657	 11.956010	 0.217080	 0.981843	 0.000000
2	 41	 4.689707	 0.016470	 64.171211	 4.673237	 39529.593750	 0.011804	 23717.746094	 1351.617920	 0.943012	 0.000000
2	 42	 3.495644	 0.008610	 91.006104	 3.487034	 282901.406250	 0.000087	 169740.843750	 16513.763672	 0.902712	 0.000000
2	 43	 7.712998	 0.114028	 12.594142	 7.598969	 103.756958	 1495.094604	 62.385929	 0.436158	 0.993009	 0.000000
2	 44	 2.176427	 0.052920	 9.840364	 2.123507	 0.151469	 0.105188	 14.859823	 1.859519	 0.874863	 0.000000
2	 45	 9.232600	 0.241188	 4.706767	 8.991412	 61.429810	 64992.460938	 36.970829	 0.035931	 0.999028	 0.000000
2	 46	 4.753819	 0.017170	 62.408161	 4.736649	 34340.988281	 0.014255	 20604.580078	 1137.385742	 0.944799	 0.000000
2	 47	 1.479973	 0.016174	 22.797035	 1.463799	 6.250322	 0.000240	 10.563466	 2.223730	 0.789489	 0.000000
2	 48	 5.952590	 0.016134	 81.281273	 5.936456	 251583.937500	 0.014536	 150950.359375	 5141.259277	 0.965941	 0.000000
2	 49	 4.192192	 0.012245	 76.968643	 4.179946	 102364.343750	 0.001051	 61418.605469	 4425.231445	 0.927950	 0.000000
2	 50	 4.451046	 0.015659	 64.248169	 4.435387	 36584.437500	 0.008358	 21950.646484	 1387.024292	 0.936812	 0.000000
2	 51	 4.158759	 0.042443	 22.388676	 4.116316	 72.477539	 1.563383	 43.702385	 2.499453	 0.942807	 0.000000
2	 52	 5.027415	 0.009640	 113.864105	 5.017775	 2965487.250000	 0.000265	 1779292.375000	 79287.320312	 0.955439	 0.000000
2	 53	 5.258816	 0.031513	 37.575970	 5.227303	 1728.904663	 0.641119	 1037.304688	 41.190804	 0.960291	 0.000000
2	 54	 5.611398	 0.027553	 45.606693	 5.583846	 8607.080078	 0.318789	 5164.216797	 183.965073	 0.964377	 0.000000
2	 55	 5.725101	 0.018503	 68.720421	 5.706598	 75935.382812	 0.028458	 45561.226562	 1679.245239	 0.963143	 0.000000
2	 56	 3.063403	 0.093495	 7.112594	 2.969908	 0.195347	 4.234352	 11.272856	 0.746115	 0.933813	 0.000000
2	 57	 4.945603	 0.110093	 8.936630	 4.835509	 3.502573	 108.368629	 3.126612	 0.077842	 0.975103	 0.000000
2	 58	 5.895556	 0.022400	 58.553223	 5.873156	 32597.261719	 0.094841	 19558.347656	 650.560364	 0.966737	 0.000000
2	 59	 4.911615	 0.184635	 4.431865	 4.726980	 0.622294	 543.081970	 2.843003	 0.042885	 0.984916	 0.000000
2	 60	 3.729416	 0.140210	 5.126680	 3.589206	 0.204060	 30.451107	 6.530084	 0.238388	 0.963494	 0.000000
2	 61	 3.898040	 0.137989	 5.440526	 3.760050	 0.313982	 41.197243	 10.578007	 0.359879	 0.965979	 0.000000
2	 62	 5.420907	 0.076517	 14.963124	 5.344390	 42.056866	 44.020092	 25.745481	 0.665624	 0.974146	 0.000000
2	 63	 4.794657	 0.483933	 0.820242	 4.310724	 0.118014	 1248.535767	 19.897644	 0.055352	 0.997218	 0.000000
2	 64	 1.452725	 0.129938	 2.408571	 1.322787	 0.000223	 0.043533	 60.337688	 7.753090	 0.871505	 0.000000
3	 1	 0.019018	 0.000106	 44.196743	 0.018912	 0.000005	 0.000000	 128606.585938	 55114.902344	 0.571446	 0.000000
3	 2	 0.062803	 0.000380	 41.107834	 0.062422	 0.007369	 0.000000	 141.204514	 59.328709	 0.579838	 0.000000
3	 3	 0.008488	 0.000053	 39.669384	 0.008435	 0.000000	 0.000000	 998504.812500	 429912.218750	 0.569444	 0.000000
3	 4	 0.005591	 0.000022	 61.089142	 0.005569	 0.000000	 0.000000	 1331281.875000	 574001.875000	 0.568835	 0.000000
3	 5	 0.366853	 0.001252	 69.252930	 0.365601	 480.168030	 0.000000	 284.482452	 105.042137	 0.630761	 0.000000
3	 6	 0.045254	 0.000186	 58.656708	 0.045068	 0.001520	 0.000000	 5949.218750	 2521.200439	 0.576213	 0.000000
3	 7	 0.211932	 0.000656	 75.889450	 0.211276	 79.784721	 0.000000	 49.804993	 19.666674	 0.605126	 0.000000
3	 8	 0.184663	 0.002489	 19.534962	 0.182174	 0.055448	 0.000000	 1.424363	 0.561425	 0.605842	 0.000000
3	 9	 0.034710	 0.000231	 37.696270	 0.034479	 0.000118	 0.000000	 2524.553711	 1074.057007	 0.574556	 0.000000
3	 10	 0.226236	 0.001210	 45.937714	 0.225026	 8.222855	 0.000000	 4.905821	 1.917292	 0.609180	 0.000000
3	 11	 0.309308	 0.002253	 34.486679	 0.307055	 5.409212	 0.000000	 3.152021	 1.181879	 0.625041	 0.000000
3	 12	 0.058397	 0.000371	 39.328331	 0.058026	 0.003908	 0.000000	 186.359940	 78.446609	 0.579059	 0.000000
3	 13	 0.153796	 0.001111	 34.876125	 0.152686	 0.597424	 0.000000	 0.647524	 0.260799	 0.597236	 0.000000
3	 14	 0.024648	 0.000280	 23.014320	 0.024368	 0.000003	 0.000000	 1798.628052	 768.130432	 0.572935	 0.000000
3	 15	 0.664461	 0.003891	 41.924198	 0.660571	 134.121964	 0.000000	 78.410851	 25.144857	 0.679319	 0.000000
3	 16	 0.042504	 0.000256	 41.314632	 0.042248	 0.000911	 0.000000	 1310.152100	 555.535095	 0.575977	 0.000000
3	 17	 0.021098	 0.000182	 29.648880	 0.020916	 0.000004	 0.000000	 8243.668945	 3527.963379	 0.572040	 0.000000
3	 18	 0.244908	 0.000834	 69.539200	 0.244075	 108.025085	 0.000000	 64.440575	 25.073812	 0.610900	 0.000000
3	 19	 0.132495	 0.000638	 50.632286	 0.131857	 0.893372	 0.000000	 7.240421	 2.951874	 0.592306	 0.000000
3	 20	 0.282850	 0.002028	 35.009735	 0.280822	 4.160965	 0.000000	 2.403499	 0.912450	 0.620366	 0.000000
3	 21	 0.073869	 0.001257	 15.787552	 0.072613	 0.001228	 0.000000	 1.797489	 0.747690	 0.584036	 0.000000
3	 22	 0.041352	 0.000312	 33.569843	 0.041040	 0.000222	 0.000000	 858.751587	 364.153656	 0.575950	 0.000000
3	 23	 0.147141	 0.000642	 55.465828	 0.146499	 2.453514	 0.000000	 6.652926	 2.696363	 0.594710	 0.000000
3	 24	 0.016105	 0.000073	 53.620136	 0.016032	 0.000000	 0.000000	 504229.593750	 216400.296875	 0.570830	 0.000000
3	 25	 0.097943	 0.000932	 27.069988	 0.097011	 0.025711	 0.000000	 0.884232	 0.364825	 0.587410	 0.000000
3	 26	 0.246029	 0.001499	 40.729431	 0.244530	 5.712438	 0.000000	 3.242285	 1.254284	 0.613148	 0.000000
3	 27	 0.219440	 0.000954	 55.579388	 0.218486	 23.397879	 0.000000	 14.257247	 5.598674	 0.607310	 0.000000
3	 28	 0.064191	 0.000266	 58.195545	 0.063925	 0.015315	 0.000000	 777.543884	 326.803802	 0.579697	 0.000000
3	 29	 0.245567	 0.000792	 73.028244	 0.244775	 116.558983	 0.000000	 70.120758	 27.286682	 0.610862	 0.000000
3	 30	 0.353197	 0.001545	 55.159069	 0.351652	 137.527664	 0.000000	 80.114922	 29.670908	 0.629646	 0.000000
3	 31	 0.309411	 0.002113	 36.609764	 0.307299	 8.423231	 0.000000	 4.744328	 1.780648	 0.624679	 0.000000
3	 32	 0.071045	 0.000439	 40.297710	 0.070606	 0.009065	 0.000000	 84.065384	 35.187748	 0.581424	 0.000000
3	 33	 0.023631	 0.000117	 49.518223	 0.023514	 0.000011	 0.000000	 114901.429688	 49146.011719	 0.572277	 0.000000
3	 34	 0.078338	 0.000503	 38.928360	 0.077835	 0.022564	 0.000000	 23.231079	 9.690703	 0.582856	 0.000000
3	 35	 0.100830	 0.000475	 51.759590	 0.100356	 0.302626	 0.000000	 31.287470	 12.936166	 0.586538	 0.000000
3	 36	 0.211119	 0.001580	 33.704365	 0.209539	 1.357298	 0.000000	 0.864027	 0.338829	 0.607849	 0.000000
3	 37	 0.147424	 0.000716	 50.275158	 0.146709	 1.287281	 0.000000	 4.948293	 2.004070	 0.594998	 0.000000
3	 38	 0.081570	 0.000315	 61.976002	 0.081254	 0.079514	 0.000000	 372.972778	 155.609375	 0.582786	 0.000000
3	 39	 0.058142	 0.000592	 25.443527	 0.057549	 0.001209	 0.000000	 16.092381	 6.764414	 0.579651	 0.000000
3	 40	 0.486970	 0.003534	 34.469734	 0.483436	 22.724300	 0.000000	 12.951713	 4.475751	 0.654428	 0.000000
3	 41	 0.043461	 0.000246	 43.803020	 0.043215	 0.001209	 0.000000	 1351.618530	 572.940796	 0.576108	 0.000000
3	 42	 0.024481	 0.000166	 36.996883	 0.024314	 0.000010	 0.000000	 16513.763672	 7058.264648	 0.572583	 0.000000
3	 43	 0.293770	 0.001131	 62.051170	 0.292638	 127.949814	 0.000000	 75.190887	 28.617245	 0.619405	 0.000000
3	 44	 0.140898	 0.002080	 17.972095	 0.138818	 0.013460	 0.000000	 1.864779	 0.750473	 0.597554	 0.000000
3	 45	 0.606219	 0.001966	 72.401978	 0.604253	 5436.231934	 0.000000	 3249.658936	 1083.319580	 0.666636	 0.000000
3	 46	 0.048167	 0.000270	 44.134010	 0.047897	 0.001451	 0.000000	 1137.386475	 481.124023	 0.576992	 0.000000
3	 47	 0.048220	 0.000935	 13.990091	 0.047285	 0.000040	 0.000000	 2.223742	 0.936821	 0.578719	 0.000000
3	 48	 0.047939	 0.000209	 55.619778	 0.047730	 0.001374	 0.000000	 5141.259766	 2176.044678	 0.576749	 0.000000
3	 49	 0.034632	 0.000210	 41.136436	 0.034422	 0.000113	 0.000000	 4425.231445	 1883.046021	 0.574475	 0.000000
3	 50	 0.049285	 0.000292	 41.907913	 0.048993	 0.000875	 0.000000	 1387.024658	 586.359131	 0.577254	 0.000000
3	 51	 0.112501	 0.000806	 35.169399	 0.111695	 0.160274	 0.000000	 2.577622	 1.058086	 0.589511	 0.000000
3	 52	 0.034606	 0.000164	 51.528610	 0.034442	 0.000026	 0.000000	 79287.320312	 33750.976562	 0.574321	 0.000000
3	 53	 0.087258	 0.000472	 45.576019	 0.086786	 0.061838	 0.000000	 41.222858	 17.137901	 0.584262	 0.000000
3	 54	 0.080997	 0.000403	 49.231434	 0.080594	 0.030304	 0.000000	 183.981018	 76.722519	 0.582987	 0.000000
3	 55	 0.057509	 0.000267	 52.524830	 0.057243	 0.002717	 0.000000	 1679.246704	 707.684631	 0.578570	 0.000000
3	 56	 0.243740	 0.002574	 24.470524	 0.241165	 0.447616	 0.000000	 0.957832	 0.368156	 0.615636	 0.000000
3	 57	 0.278777	 0.001751	 39.577736	 0.277027	 9.910840	 0.000000	 5.496273	 2.094261	 0.618967	 0.000000
3	 58	 0.066977	 0.000308	 52.840572	 0.066669	 0.008940	 0.000000	 650.565125	 273.034149	 0.580312	 0.000000
3	 59	 0.464067	 0.003011	 38.259026	 0.461056	 47.907032	 0.000000	 27.196983	 9.522701	 0.649862	 0.000000
3	 60	 0.368600	 0.003204	 29.226318	 0.365396	 2.903845	 0.000000	 1.760943	 0.640206	 0.636441	 0.000000
3	 61	 0.362676	 0.002999	 30.624454	 0.359677	 3.893898	 0.000000	 2.419741	 0.883099	 0.635044	 0.000000
3	 62	 0.203863	 0.001136	 44.251431	 0.202727	 4.039905	 0.000000	 2.866629	 1.131149	 0.605408	 0.000000
3	 63	 1.241398	 0.008826	 34.567818	 1.232572	 105.156715	 0.000010	 62.482140	 15.273593	 0.755553	 0.000000
3	 64	 0.343140	 0.008565	 10.823156	 0.334575	 0.005629	 0.000000	 7.755267	 2.765331	 0.643425	 0.000000
4	 1	 0.000295	 0.000018	 4.570970	 0.000277	 0.000000	 0.000000	 55114.902344	 23816.322266	 0.567879	 0.000000
4	 2	 0.000973	 0.000060	 4.610163	 0.000912	 0.000000	 0.000000	 59.328709	 25.625029	 0.568084	 0.000000
4	 3	 0.000163	 0.000012	 4.034417	 0.000152	 0.000000	 0.000000	 429912.218750	 185790.656250	 0.567840	 0.000000
4	 4	 0.000084	 0.000004	 6.153469	 0.000080	 0.000000	 0.000000	 574001.875000	 248076.562500	 0.567812	 0.000000
4	 5	 0.003206	 0.000090	 9.850098	 0.003116	 0.000000	 0.000000	 105.042137	 45.316967	 0.568583	 0.000000
4	 6	 0.000539	 0.000025	 6.226216	 0.000514	 0.000000	 0.000000	 2521.200439	 1089.312500	 0.567939	 0.000000
4	 7	 0.001850	 0.000056	 9.279157	 0.001795	 0.000000	 0.000000	 19.666674	 8.491010	 0.568254	 0.000000
4	 8	 0.006301	 0.000527	 3.410886	 0.005773	 0.000000	 0.000000	 0.561425	 0.241482	 0.569876	 0.000000
4	 9	 0.000610	 0.000043	 4.045461	 0.000566	 0.000000	 0.000000	 1074.057007	 464.012909	 0.567981	 0.000000
4	 10	 0.003126	 0.000139	 6.393980	 0.002987	 0.000000	 0.000000	 1.917292	 0.827019	 0.568653	 0.000000
4	 11	 0.005904	 0.000284	 5.905110	 0.005619	 0.000000	 0.000000	 1.181879	 0.508853	 0.569454	 0.000000
4	 12	 0.001037	 0.000067	 4.397042	 0.000969	 0.000000	 0.000000	 78.446609	 33.880482	 0.568108	 0.000000
4	 13	 0.002946	 0.000179	 4.709098	 0.002768	 0.000000	 0.000000	 0.260799	 0.112489	 0.568676	 0.000000
4	 14	 0.000793	 0.000090	 2.496374	 0.000703	 0.000000	 0.000000	 768.130432	 331.771667	 0.568079	 0.000000
4	 15	 0.009946	 0.000292	 9.476985	 0.009654	 0.000000	 0.000000	 25.144857	 10.805505	 0.570270	 0.000000
4	 16	 0.000777	 0.000050	 4.469446	 0.000727	 0.000000	 0.000000	 555.535095	 239.976318	 0.568027	 0.000000
4	 17	 0.000535	 0.000049	 3.132213	 0.000486	 0.000000	 0.000000	 3527.963379	 1524.181763	 0.567971	 0.000000
4	 18	 0.002190	 0.000069	 8.906516	 0.002121	 0.000000	 0.000000	 25.073812	 10.823245	 0.568345	 0.000000
4	 19	 0.001738	 0.000081	 6.118086	 0.001657	 0.000000	 0.000000	 2.951874	 1.274398	 0.568275	 0.000000
4	 20	 0.005125	 0.000254	 5.747550	 0.004872	 0.000000	 0.000000	 0.912450	 0.393041	 0.569246	 0.000000
4	 21	 0.003254	 0.000422	 2.159657	 0.002832	 0.000000	 0.000000	 0.747690	 0.322230	 0.569033	 0.000000
4	 22	 0.000900	 0.000070	 3.685301	 0.000830	 0.000000	 0.000000	 364.153656	 157.285034	 0.568081	 0.000000
4	 23	 0.001749	 0.000074	 6.718578	 0.001676	 0.000000	 0.000000	 2.696363	 1.164111	 0.568266	 0.000000
4	 24	 0.000267	 0.000014	 5.490266	 0.000253	 0.000000	 0.000000	 216400.296875	 93513.953125	 0.567866	 0.000000
4	 25	 0.002419	 0.000199	 3.483085	 0.002221	 0.000000	 0.000000	 0.364825	 0.157391	 0.568586	 0.000000
4	 26	 0.003781	 0.000178	 6.029183	 0.003603	 0.000000	 0.000000	 1.254284	 0.540784	 0.568850	 0.000000
4	 27	 0.002455	 0.000095	 7.305824	 0.002360	 0.000000	 0.000000	 5.598674	 2.416142	 0.568444	 0.000000
4	 28	 0.000744	 0.000033	 6.330953	 0.000711	 0.000000	 0.000000	 326.803802	 141.180801	 0.567995	 0.000000
4	 29	 0.002141	 0.000064	 9.261025	 0.002077	 0.000000	 0.000000	 27.286682	 11.778918	 0.568327	 0.000000
4	 30	 0.003933	 0.000132	 8.329125	 0.003801	 0.000000	 0.000000	 29.670908	 12.794004	 0.568803	 0.000000
4	 31	 0.005464	 0.000254	 6.119365	 0.005210	 0.000000	 0.000000	 1.780648	 0.766898	 0.569316	 0.000000
4	 32	 0.001137	 0.000071	 4.594620	 0.001066	 0.000000	 0.000000	 35.187748	 15.196395	 0.568134	 0.000000
4	 33	 0.000347	 0.000019	 5.139934	 0.000328	 0.000000	 0.000000	 49146.011719	 21236.433594	 0.567891	 0.000000
4	 34	 0.001333	 0.000084	 4.515514	 0.001249	 0.000000	 0.000000	 9.690703	 4.184488	 0.568196	 0.000000
4	 35	 0.001295	 0.000062	 5.978806	 0.001234	 0.000000	 0.000000	 12.936166	 5.586435	 0.568154	 0.000000
4	 36	 0.004156	 0.000235	 5.046750	 0.003921	 0.000000	 0.000000	 0.338829	 0.146030	 0.569015	 0.000000
4	 37	 0.001881	 0.000086	 6.201184	 0.001795	 0.000000	 0.000000	 2.004070	 0.865131	 0.568313	 0.000000
4	 38	 0.000869	 0.000036	 6.847634	 0.000833	 0.000000	 0.000000	 155.609375	 67.219398	 0.568025	 0.000000
4	 39	 0.001588	 0.000151	 3.004746	 0.001438	 0.000000	 0.000000	 6.764414	 2.919947	 0.568337	 0.000000
4	 40	 0.009205	 0.000355	 7.314463	 0.008850	 0.000000	 0.000000	 4.475751	 1.923507	 0.570238	 0.000000
4	 41	 0.000629	 0.000038	 4.726024	 0.000591	 0.000000	 0.000000	 572.940796	 247.522888	 0.567978	 0.000000
4	 42	 0.000459	 0.000034	 3.894203	 0.000426	 0.000000	 0.000000	 7058.264648	 3049.625977	 0.567935	 0.000000
4	 43	 0.002958	 0.000097	 8.546225	 0.002861	 0.000000	 0.000000	 28.617245	 12.346998	 0.568547	 0.000000
4	 44	 0.005344	 0.000523	 2.907755	 0.004822	 0.000000	 0.000000	 0.750473	 0.322967	 0.569649	 0.000000
4	 45	 0.005143	 0.000117	 12.074218	 0.005026	 0.000000	 0.000000	 1083.319580	 466.905487	 0.569005	 0.000000
4	 46	 0.000716	 0.000043	 4.796578	 0.000674	 0.000000	 0.000000	 481.124023	 207.843826	 0.568004	 0.000000
4	 47	 0.002513	 0.000390	 1.777292	 0.002123	 0.000000	 0.000000	 0.936821	 0.403948	 0.568810	 0.000000
4	 48	 0.000585	 0.000028	 5.943818	 0.000557	 0.000000	 0.000000	 2176.044678	 940.151611	 0.567954	 0.000000
4	 49	 0.000543	 0.000035	 4.389020	 0.000507	 0.000000	 0.000000	 1883.046021	 813.558899	 0.567956	 0.000000
4	 50	 0.000794	 0.000050	 4.582732	 0.000744	 0.000000	 0.000000	 586.359131	 253.289505	 0.568030	 0.000000
4	 51	 0.002171	 0.000141	 4.410500	 0.002030	 0.000000	 0.000000	 1.058086	 0.456611	 0.568456	 0.000000
4	 52	 0.000508	 0.000027	 5.428395	 0.000481	 0.000000	 0.000000	 33750.976562	 14582.585938	 0.567936	 0.000000
4	 53	 0.001269	 0.000069	 5.251889	 0.001200	 0.000000	 0.000000	 17.137901	 7.400838	 0.568160	 0.000000
4	 54	 0.001079	 0.000055	 5.567899	 0.001024	 0.000000	 0.000000	 76.722519	 33.136539	 0.568099	 0.000000
4	 55	 0.000962	 0.000048	 5.710425	 0.000914	 0.000000	 0.000000	 707.684631	 305.674866	 0.568063	 0.000000
4	 56	 0.006764	 0.000442	 4.376375	 0.006322	 0.000000	 0.000000	 0.368156	 0.158356	 0.569867	 0.000000
4	 57	 0.004589	 0.000211	 6.173987	 0.004378	 0.000000	 0.000000	 2.094261	 0.902483	 0.569068	 0.000000
4	 58	 0.000815	 0.000040	 5.817409	 0.000775	 0.000000	 0.000000	 273.034149	 117.945213	 0.568020	 0.000000
4	 59	 0.007779	 0.000292	 7.514348	 0.007487	 0.000000	 0.000000	 9.522701	 4.096235	 0.569845	 0.000000
4	 60	 0.008346	 0.000406	 5.845801	 0.007940	 0.000000	 0.000000	 0.640206	 0.275194	 0.570148	 0.000000
4	 61	 0.007797	 0.000373	 5.939866	 0.007424	 0.000000	 0.000000	 0.883099	 0.379747	 0.569984	 0.000000
4	 62	 0.002983	 0.000140	 6.046962	 0.002843	 0.000000	 0.000000	 1.131149	 0.487949	 0.568626	 0.000000
4	 63	 0.023227	 0.000475	 13.317360	 0.022751	 0.000002	 0.000000	 15.273594	 6.519656	 0.573142	 0.000000
4	 64	 0.021902	 0.001662	 3.758916	 0.020240	 0.000000	 0.000000	 2.765331	 1.175844	 0.574791	 0.000000
